%YAML:1.0
---
K: !!opencv-matrix
   rows: 3
   cols: 3
   dt: d
   data: [ 8.2329654767310728e+02, 0., 5.9337588446587404e+02, 0.,
       8.1809947362797971e+02, 3.9676980772839295e+02, 0., 0., 1. ]
D: !!opencv-matrix
   rows: 1
   cols: 5
   dt: d
   data: [ -1.2199545181947813e+00, 1.0935287702507415e+01,
       2.0275076326560133e-02, 2.2468446969757931e-03,
       -4.3325847156089409e+01 ]
