%YAML:1.0
---
K: !!opencv-matrix
   rows: 3
   cols: 3
   dt: d
   data: [ 7.2655006470003502e+02, 0., 6.4767490714316875e+02, 0.,
       7.2645417723988953e+02, 3.6454898951580134e+02, 0., 0., 1. ]
D: !!opencv-matrix
   rows: 1
   cols: 5
   dt: d
   data: [ -3.8405486944795336e-01, 1.7315556263173293e-01,
       8.5078667910995368e-04, -1.4005624100929081e-03,
       -1.1116211084415520e-04 ]